Bitmask Methods

Format:
Method name
precision
recall
f1
fps counts
fns counts

bm, prev
[     0.2333      0.2333      0.2333      0.2333      0.2333      0.2333       0.253      0.2745      0.3022      0.3281      0.3529      0.3784       0.433      0.4941      0.5455      0.6364      0.6774      0.7241      0.8936           1]
[     0.9767      0.9767      0.9767      0.9767      0.9767      0.9767      0.9767      0.9767      0.9767      0.9767      0.9767      0.9767      0.9767      0.9767      0.9767      0.9767      0.9767      0.9767      0.9767      0.9767]
[     0.3766      0.3766      0.3766      0.3766      0.3766      0.3766      0.4019      0.4286      0.4616      0.4912      0.5185      0.5455         0.6      0.6562         0.7      0.7707         0.8      0.8316      0.9333      0.9882]
[138 138 138 138 138 138 124 111  97  86  77  69  55  43  35  24  20  16   5   0]
[1 1 1 1 1 1 1 1 1 1 1 1 1 1 1 1 1 1 1 1]

bm, prev or
[     0.1914      0.1914      0.1914      0.1914      0.1914      0.1914       0.201      0.2139      0.2381      0.2548      0.2703      0.2985      0.3175      0.3419      0.3571      0.4167      0.4545      0.5195      0.6667      0.9524]
[     0.9302      0.9302      0.9302      0.9302      0.9302      0.9302      0.9302      0.9302      0.9302      0.9302      0.9302      0.9302      0.9302      0.9302      0.9302      0.9302      0.9302      0.9302      0.9302      0.9302]
[     0.3175      0.3175      0.3175      0.3175      0.3175      0.3175      0.3306      0.3478      0.3792         0.4      0.4189       0.452      0.4734         0.5      0.5161      0.5756      0.6106      0.6667      0.7767      0.9412]
[169 169 169 169 169 169 159 147 128 117 108  94  86  77  72  56  48  37  20   2]
[3 3 3 3 3 3 3 3 3 3 3 3 3 3 3 3 3 3 3 3]

blur, sobel
[     0.1806      0.1806      0.1806      0.1806      0.1806      0.1806      0.1943       0.203      0.2181      0.2278      0.2426      0.2645      0.2789      0.3037      0.3254      0.3661      0.4141      0.5256      0.7593           1]
[     0.9535      0.9535      0.9535      0.9535      0.9535      0.9535      0.9535      0.9535      0.9535      0.9535      0.9535      0.9535      0.9535      0.9535      0.9535      0.9535      0.9535      0.9535      0.9535      0.9535]
[     0.3037      0.3037      0.3037      0.3037      0.3037      0.3037      0.3228      0.3347       0.355      0.3677      0.3868      0.4141      0.4316      0.4607      0.4852      0.5291      0.5774      0.6777      0.8454      0.9762]
[186 186 186 186 186 186 170 161 147 139 128 114 106  94  85  71  58  37  13   0]
[2 2 2 2 2 2 2 2 2 2 2 2 2 2 2 2 2 2 2 2]

double
[     0.1567      0.1567      0.1567      0.1567      0.1567      0.1567        0.17      0.1826      0.1953      0.2079      0.2188      0.2346      0.2609        0.28      0.3231      0.3652      0.4421         0.6      0.8235           1]
[     0.9767      0.9767      0.9767      0.9767      0.9767      0.9767      0.9767      0.9767      0.9767      0.9767      0.9767      0.9767      0.9767      0.9767      0.9767      0.9767      0.9767      0.9767      0.9767      0.9767]
[     0.2701      0.2701      0.2701      0.2701      0.2701      0.2701      0.2896      0.3077      0.3255      0.3428      0.3575      0.3783      0.4118      0.4352      0.4856      0.5316      0.6087      0.7434      0.8936      0.9882]
[226 226 226 226 226 226 205 188 173 160 150 137 119 108  88  73  53  28   9   0]
[1 1 1 1 1 1 1 1 1 1 1 1 1 1 1 1 1 1 1 1]

single
[     0.1654      0.1654      0.1654      0.1654      0.1654      0.1654      0.1795      0.1963      0.2121       0.227       0.236      0.2577      0.2745      0.3022      0.3281      0.3818      0.4516      0.5455         0.7           1]
[     0.9767      0.9767      0.9767      0.9767      0.9767      0.9767      0.9767      0.9767      0.9767      0.9767      0.9767      0.9767      0.9767      0.9767      0.9767      0.9767      0.9767      0.9767      0.9767      0.9767]
[     0.2829      0.2829      0.2829      0.2829      0.2829      0.2829      0.3033      0.3269      0.3485      0.3684      0.3801      0.4078      0.4286      0.4616      0.4912       0.549      0.6176         0.7      0.8155      0.9882]
[212 212 212 212 212 212 192 172 156 143 136 121 111  97  86  68  51  35  18   0]
[1 1 1 1 1 1 1 1 1 1 1 1 1 1 1 1 1 1 1 1]

bitmask, blur
[     0.1608      0.1608      0.1608      0.1608      0.1608      0.1608      0.1687      0.1775      0.1847      0.1962      0.2081      0.2253      0.2384      0.2697      0.3475       0.402      0.4824      0.6212      0.8542           1]
[     0.9535      0.9535      0.9535      0.9535      0.9535      0.9535      0.9535      0.9535      0.9535      0.9535      0.9535      0.9535      0.9535      0.9535      0.9535      0.9535      0.9535      0.9535      0.9535      0.9535]
[     0.2752      0.2752      0.2752      0.2752      0.2752      0.2752      0.2867      0.2993      0.3095      0.3254      0.3416      0.3645      0.3814      0.4205      0.5094      0.5656      0.6407      0.7523      0.9011      0.9762]
[214 214 214 214 214 214 202 190 181 168 156 141 131 111  77  61  44  25   7   0]
[2 2 2 2 2 2 2 2 2 2 2 2 2 2 2 2 2 2 2 2]



Windowing pe imgsz 640

320x320
[     0.1095,      0.1095,      0.1095,      0.1095,      0.1095,      0.1095,      0.1329,      0.1631,       0.199,      0.2249,      0.2879,      0.3333,      0.3762,       0.427,         0.5,      0.5507,      0.6667,      0.7755,        0.95,           1]
[     0.9744,      0.9744,      0.9744,      0.9744,      0.9744,      0.9744,      0.9744,      0.9744,      0.9744,      0.9744,      0.9744,      0.9744,      0.9744,      0.9744,      0.9744,      0.9744,      0.9744,      0.9744,      0.9744,      0.9744]
[     0.1969,      0.1969,      0.1969,      0.1969,      0.1969,      0.1969,      0.2339,      0.2794,      0.3305,      0.3655,      0.4445,      0.4967,      0.5428,      0.5938,      0.6609,      0.7037,      0.7917,      0.8636,       0.962,       0.987])
[309, 309, 309, 309, 309, 309, 248, 195, 153, 131,  94,  76,  63,  51,  38,  31,  19,  11,   2,   0]
[1, 1, 1, 1, 1, 1, 1, 1, 1, 1, 1, 1, 1, 1, 1, 1, 1, 1, 1, 1]
150 s

640x640
[     0.2436,      0.2436,      0.2436,      0.2436,      0.2436,      0.2436,       0.255,      0.2695,      0.2794,      0.2992,      0.3248,      0.3423,      0.3619,      0.3619,      0.3878,      0.4419,      0.5672,      0.6129,      0.6667,      0.9744])
[     0.9744,      0.9744,      0.9744,      0.9744,      0.9744,      0.9744,      0.9744,      0.9744,      0.9744,      0.9744,      0.9744,      0.9744,      0.9744,      0.9744,      0.9744,      0.9744,      0.9744,      0.9744,      0.9744,      0.9744])
[     0.3898,      0.3898,      0.3898,      0.3898,      0.3898,      0.3898,      0.4042,      0.4222,      0.4343,      0.4578,      0.4872,      0.5066,      0.5278,      0.5278,      0.5548,       0.608,       0.717,      0.7525,      0.7917,      0.9744])
[118, 118, 118, 118, 118, 118, 111, 103,  98,  89,  79,  73,  67,  67,  60,  48,  29,  24,  19,   1])
[1, 1, 1, 1, 1, 1, 1, 1, 1, 1, 1, 1, 1, 1, 1, 1, 1, 1, 1, 1]
60

960x960
[     0.3495,      0.3495,      0.3495,      0.3495,      0.3495,      0.3495,      0.3673,      0.3871,         0.4,        0.45,      0.4865,      0.5143,      0.5217,      0.5806,         0.6,      0.6207,      0.6545,      0.6667,      0.7826,       0.973])
[     0.9231,      0.9231,      0.9231,      0.9231,      0.9231,      0.9231,      0.9231,      0.9231,      0.9231,      0.9231,      0.9231,      0.9231,      0.9231,      0.9231,      0.9231,      0.9231,      0.9231,      0.9231,      0.9231,      0.9231])
[67, 67, 67, 67, 67, 67, 62, 57, 54, 44, 38, 34, 33, 26, 24, 22, 19, 18, 10,  1]
[3, 3, 3, 3, 3, 3, 3, 3, 3, 3, 3, 3, 3, 3, 3, 3, 3, 3, 3, 3])
33

1280x1280
[      0.245,       0.245,       0.245,       0.245,       0.245,       0.245,      0.2824,      0.3162,      0.3524,      0.3978,      0.4253,      0.4684,      0.5362,      0.5522,      0.6271,      0.6491,      0.7115,      0.7708,      0.8409,           1]),
[     0.9487,      0.9487,      0.9487,      0.9487,      0.9487,      0.9487,      0.9487,      0.9487,      0.9487,      0.9487,      0.9487,      0.9487,      0.9487,      0.9487,      0.9487,      0.9487,      0.9487,      0.9487,      0.9487,      0.9487]),
[     0.3894,      0.3894,      0.3894,      0.3894,      0.3894,      0.3894,      0.4352,      0.4743,      0.5139,      0.5606,      0.5873,      0.6272,      0.6852,      0.6981,      0.7551,      0.7708,      0.8132,      0.8505,      0.8916,      0.9737]),
[114, 114, 114, 114, 114, 114,  94,  80,  68,  56,  50,  42,  32,  30,  22,  20,  15,  11,   7,   0]
[2, 2, 2, 2, 2, 2, 2, 2, 2, 2, 2, 2, 2, 2, 2, 2, 2, 2, 2, 2]
45

4x(320x320)
[     0.0137,      0.0137,      0.0137,      0.0137,      0.0137,      0.0137,      0.0159,      0.0185,      0.0209,      0.0234,      0.0266,      0.0289,      0.0314,      0.0362,      0.0446,      0.0495,      0.0581,      0.0794,      0.1562,           1]),
[     0.1282,      0.1282,      0.1282,      0.1282,      0.1282,      0.1282,      0.1282,      0.1282,      0.1282,      0.1282,      0.1282,      0.1282,      0.1282,      0.1282,      0.1282,      0.1282,      0.1282,      0.1282,      0.1282,      0.1282]),
[     0.0248,      0.0248,      0.0248,      0.0248,      0.0248,      0.0248,      0.0283,      0.0323,      0.0359,      0.0396,      0.0441,      0.0472,      0.0504,      0.0565,      0.0662,      0.0714,        0.08,      0.0981,      0.1408,      0.2273]),
[360, 360, 360, 360, 360, 360, 309, 265, 234, 209, 183, 168, 154, 133, 107,  96,  81,  58,  27,   0])}
[34, 34, 34, 34, 34, 34, 34, 34, 34, 34, 34, 34, 34, 34, 34, 34, 34, 34, 34, 34]),
219


Windowing
320x320
'precision': array([     0.1368,      0.1368,      0.1368,      0.1368,      0.1368,      0.1368,       0.156,      0.1781,      0.2042,      0.2308,      0.2583,      0.2847,      0.3333,      0.3786,        0.39,      0.4588,      0.5571,      0.6393,      0.8864,           1]),
'recall': array([          1,           1,           1,           1,           1,           1,           1,           1,           1,           1,           1,           1,           1,           1,           1,           1,           1,           1,           1,           1]),
'f1': array([     0.2407,      0.2407,      0.2407,      0.2407,      0.2407,      0.2407,      0.2699,      0.3024,      0.3391,       0.375,      0.4106,      0.4432,         0.5,      0.5493,      0.5612,       0.629,      0.7156,        0.78,      0.9398,           1]),
'fns': array([0, 0, 0, 0, 0, 0, 0, 0, 0, 0, 0, 0, 0, 0, 0, 0, 0, 0, 0, 0]),
'fps': array([246, 246, 246, 246, 246, 246, 211, 180, 152, 130, 112,  98,  78,  64,  61,  46,  31,  22,   5,   0])}
106

640x640
[     0.2436,      0.2436,      0.2436,      0.2436,      0.2436,      0.2436,       0.255,      0.2695,      0.2794,      0.2992,      0.3248,      0.3423,      0.3619,      0.3619,      0.3878,      0.4419,      0.5672,      0.6129,      0.6667,      0.9744])
[     0.9744,      0.9744,      0.9744,      0.9744,      0.9744,      0.9744,      0.9744,      0.9744,      0.9744,      0.9744,      0.9744,      0.9744,      0.9744,      0.9744,      0.9744,      0.9744,      0.9744,      0.9744,      0.9744,      0.9744])
[     0.3898,      0.3898,      0.3898,      0.3898,      0.3898,      0.3898,      0.4042,      0.4222,      0.4343,      0.4578,      0.4872,      0.5066,      0.5278,      0.5278,      0.5548,       0.608,       0.717,      0.7525,      0.7917,      0.9744])
[118, 118, 118, 118, 118, 118, 111, 103,  98,  89,  79,  73,  67,  67,  60,  48,  29,  24,  19,   1])
[1, 1, 1, 1, 1, 1, 1, 1, 1, 1, 1, 1, 1, 1, 1, 1, 1, 1, 1, 1]
60

960x960
'precision': array([     0.3505,      0.3505,      0.3505,      0.3505,      0.3505,      0.3505,      0.3696,      0.3953,       0.425,      0.4359,      0.4722,      0.4928,      0.5231,      0.5667,      0.5862,      0.6182,      0.6538,      0.6939,      0.7556,      0.9444]),
'recall': array([     0.8718,      0.8718,      0.8718,      0.8718,      0.8718,      0.8718,      0.8718,      0.8718,      0.8718,      0.8718,      0.8718,      0.8718,      0.8718,      0.8718,      0.8718,      0.8718,      0.8718,      0.8718,      0.8718,      0.8718]),
'f1': array([        0.5,         0.5,         0.5,         0.5,         0.5,         0.5,      0.5191,       0.544,      0.5714,      0.5812,      0.6126,      0.6297,      0.6539,      0.6869,       0.701,      0.7234,      0.7472,      0.7727,      0.8096,      0.9066]),
'ap': array([0]),
'fns': array([5, 5, 5, 5, 5, 5, 5, 5, 5, 5, 5, 5, 5, 5, 5, 5, 5, 5, 5, 5]),
'fps': array([63, 63, 63, 63, 63, 63, 58, 52, 46, 44, 38, 35, 31, 26, 24, 21, 18, 15, 11,  2])}
48

1280x1280
'precision': array([     0.3558,      0.3558,      0.3558,      0.3558,      0.3558,      0.3558,      0.3627,      0.3978,      0.4157,      0.4253,      0.4625,      0.4933,      0.5139,      0.5441,      0.5781,      0.6167,      0.6981,      0.7708,      0.8605,      0.9487]),
'recall': array([     0.9487,      0.9487,      0.9487,      0.9487,      0.9487,      0.9487,      0.9487,      0.9487,      0.9487,      0.9487,      0.9487,      0.9487,      0.9487,      0.9487,      0.9487,      0.9487,      0.9487,      0.9487,      0.9487,      0.9487]),
'f1': array([     0.5175,      0.5175,      0.5175,      0.5175,      0.5175,      0.5175,      0.5248,      0.5606,      0.5781,      0.5873,      0.6218,      0.6491,      0.6667,      0.6916,      0.7184,      0.7475,      0.8043,      0.8505,      0.9025,      0.9487]),
'ap': array([0]),
'fns': array([2, 2, 2, 2, 2, 2, 2, 2, 2, 2, 2, 2, 2, 2, 2, 2, 2, 2, 2, 2]),
'fps': array([67, 67, 67, 67, 67, 67, 65, 56, 52, 50, 43, 38, 35, 31, 27, 23, 16, 11,  6,  2])}
65

rand 640
 'precision': array([     0.2215,      0.2215,      0.2215,      0.2215,      0.2215,      0.2215,      0.2318,      0.2518,      0.2672,      0.2893,      0.3153,      0.3535,      0.4023,      0.4667,         0.5,      0.5385,      0.5556,      0.5932,         0.7,      0.9211]),
 'recall': array([     0.8974,      0.8974,      0.8974,      0.8974,      0.8974,      0.8974,      0.8974,      0.8974,      0.8974,      0.8974,      0.8974,      0.8974,      0.8974,      0.8974,      0.8974,      0.8974,      0.8974,      0.8974,      0.8974,      0.8974]),
 'f1': array([     0.3553,      0.3553,      0.3553,      0.3553,      0.3553,      0.3553,      0.3684,      0.3933,      0.4118,      0.4375,      0.4666,      0.5072,      0.5555,      0.6141,      0.6422,      0.6731,      0.6863,      0.7143,      0.7865,      0.9091]),
 'ap': array([0]),
 'fns': array([4, 4, 4, 4, 4, 4, 4, 4, 4, 4, 4, 4, 4, 4, 4, 4, 4, 4, 4, 4]),
 'fps': array([123, 123, 123, 123, 123, 123, 116, 104,  96,  86,  76,  64,  52,  40,  35,  30,  28,  24,  15,   3])}
 61


 Batch sizes

Batch 8
'precision': array([     0.2701,      0.2701,      0.2701,      0.2701,      0.2701,      0.2701,      0.2913,      0.3008,      0.3217,      0.3304,      0.3592,      0.3895,      0.4302,      0.4625,      0.4868,      0.5211,      0.5692,      0.6607,       0.881,           1]),
'recall': array([     0.9487,      0.9487,      0.9487,      0.9487,      0.9487,      0.9487,      0.9487,      0.9487,      0.9487,      0.9487,      0.9487,      0.9487,      0.9487,      0.9487,      0.9487,      0.9487,      0.9487,      0.9487,      0.9487,      0.9487]),
'f1': array([     0.4205,      0.4205,      0.4205,      0.4205,      0.4205,      0.4205,      0.4457,      0.4568,      0.4805,      0.4901,      0.5211,      0.5523,       0.592,      0.6218,      0.6434,      0.6727,      0.7115,      0.7789,      0.9136,      0.9737]),
'fns': array([2, 2, 2, 2, 2, 2, 2, 2, 2, 2, 2, 2, 2, 2, 2, 2, 2, 2, 2, 2]),
'fps': array([100, 100, 100, 100, 100, 100,  90,  86,  78,  75,  66,  58,  49,  43,  39,  34,  28,  19,   5,   0])}
65

Batch 16


Batch 32


Batch 64
'precision': array([     0.2338,      0.2338,      0.2338,      0.2338,      0.2338,      0.2338,      0.2483,      0.2748,      0.3025,      0.3529,      0.4045,       0.439,      0.4615,      0.4737,       0.507,      0.5373,         0.6,      0.6923,      0.7347,           1]),
'recall': array([     0.9231,      0.9231,      0.9231,      0.9231,      0.9231,      0.9231,      0.9231,      0.9231,      0.9231,      0.9231,      0.9231,      0.9231,      0.9231,      0.9231,      0.9231,      0.9231,      0.9231,      0.9231,      0.9231,      0.9231]),
'f1': array([     0.3731,      0.3731,      0.3731,      0.3731,      0.3731,      0.3731,      0.3913,      0.4235,      0.4557,      0.5106,      0.5625,       0.595,      0.6154,      0.6261,      0.6545,      0.6792,      0.7273,      0.7912,      0.8182,        0.96]),
'ap': array([0]),
'fns': array([3, 3, 3, 3, 3, 3, 3, 3, 3, 3, 3, 3, 3, 3, 3, 3, 3, 3, 3, 3]),
'fps': array([118, 118, 118, 118, 118, 118, 109,  95,  83,  66,  53,  46,  42,  40,  35,  31,  24,  16,  13,   0])}



Batch 32

Batch 64
